{
 "cells": [
  {
   "cell_type": "code",
   "execution_count": 2,
   "metadata": {},
   "outputs": [
    {
     "data": {
      "text/html": [
       "<div>\n",
       "<style scoped>\n",
       "    .dataframe tbody tr th:only-of-type {\n",
       "        vertical-align: middle;\n",
       "    }\n",
       "\n",
       "    .dataframe tbody tr th {\n",
       "        vertical-align: top;\n",
       "    }\n",
       "\n",
       "    .dataframe thead th {\n",
       "        text-align: right;\n",
       "    }\n",
       "</style>\n",
       "<table border=\"1\" class=\"dataframe\">\n",
       "  <thead>\n",
       "    <tr style=\"text-align: right;\">\n",
       "      <th></th>\n",
       "      <th>PassengerId</th>\n",
       "      <th>Survived</th>\n",
       "      <th>Pclass</th>\n",
       "      <th>Name</th>\n",
       "      <th>Sex</th>\n",
       "      <th>Age</th>\n",
       "      <th>SibSp</th>\n",
       "      <th>Parch</th>\n",
       "      <th>Ticket</th>\n",
       "      <th>Fare</th>\n",
       "      <th>Cabin</th>\n",
       "      <th>Embarked</th>\n",
       "    </tr>\n",
       "  </thead>\n",
       "  <tbody>\n",
       "    <tr>\n",
       "      <th>0</th>\n",
       "      <td>1</td>\n",
       "      <td>0</td>\n",
       "      <td>3</td>\n",
       "      <td>Braund, Mr. Owen Harris</td>\n",
       "      <td>male</td>\n",
       "      <td>22.000000</td>\n",
       "      <td>1</td>\n",
       "      <td>0</td>\n",
       "      <td>A/5 21171</td>\n",
       "      <td>7.2500</td>\n",
       "      <td>NaN</td>\n",
       "      <td>S</td>\n",
       "    </tr>\n",
       "    <tr>\n",
       "      <th>1</th>\n",
       "      <td>2</td>\n",
       "      <td>1</td>\n",
       "      <td>1</td>\n",
       "      <td>Cumings, Mrs. John Bradley (Florence Briggs Th...</td>\n",
       "      <td>female</td>\n",
       "      <td>38.000000</td>\n",
       "      <td>1</td>\n",
       "      <td>0</td>\n",
       "      <td>PC 17599</td>\n",
       "      <td>71.2833</td>\n",
       "      <td>C85</td>\n",
       "      <td>C</td>\n",
       "    </tr>\n",
       "    <tr>\n",
       "      <th>2</th>\n",
       "      <td>3</td>\n",
       "      <td>1</td>\n",
       "      <td>3</td>\n",
       "      <td>Heikkinen, Miss. Laina</td>\n",
       "      <td>female</td>\n",
       "      <td>26.000000</td>\n",
       "      <td>0</td>\n",
       "      <td>0</td>\n",
       "      <td>STON/O2. 3101282</td>\n",
       "      <td>7.9250</td>\n",
       "      <td>NaN</td>\n",
       "      <td>S</td>\n",
       "    </tr>\n",
       "    <tr>\n",
       "      <th>3</th>\n",
       "      <td>4</td>\n",
       "      <td>1</td>\n",
       "      <td>1</td>\n",
       "      <td>Futrelle, Mrs. Jacques Heath (Lily May Peel)</td>\n",
       "      <td>female</td>\n",
       "      <td>35.000000</td>\n",
       "      <td>1</td>\n",
       "      <td>0</td>\n",
       "      <td>113803</td>\n",
       "      <td>53.1000</td>\n",
       "      <td>C123</td>\n",
       "      <td>S</td>\n",
       "    </tr>\n",
       "    <tr>\n",
       "      <th>4</th>\n",
       "      <td>5</td>\n",
       "      <td>0</td>\n",
       "      <td>3</td>\n",
       "      <td>Allen, Mr. William Henry</td>\n",
       "      <td>male</td>\n",
       "      <td>35.000000</td>\n",
       "      <td>0</td>\n",
       "      <td>0</td>\n",
       "      <td>373450</td>\n",
       "      <td>8.0500</td>\n",
       "      <td>NaN</td>\n",
       "      <td>S</td>\n",
       "    </tr>\n",
       "    <tr>\n",
       "      <th>...</th>\n",
       "      <td>...</td>\n",
       "      <td>...</td>\n",
       "      <td>...</td>\n",
       "      <td>...</td>\n",
       "      <td>...</td>\n",
       "      <td>...</td>\n",
       "      <td>...</td>\n",
       "      <td>...</td>\n",
       "      <td>...</td>\n",
       "      <td>...</td>\n",
       "      <td>...</td>\n",
       "      <td>...</td>\n",
       "    </tr>\n",
       "    <tr>\n",
       "      <th>886</th>\n",
       "      <td>887</td>\n",
       "      <td>0</td>\n",
       "      <td>2</td>\n",
       "      <td>Montvila, Rev. Juozas</td>\n",
       "      <td>male</td>\n",
       "      <td>27.000000</td>\n",
       "      <td>0</td>\n",
       "      <td>0</td>\n",
       "      <td>211536</td>\n",
       "      <td>13.0000</td>\n",
       "      <td>NaN</td>\n",
       "      <td>S</td>\n",
       "    </tr>\n",
       "    <tr>\n",
       "      <th>887</th>\n",
       "      <td>888</td>\n",
       "      <td>1</td>\n",
       "      <td>1</td>\n",
       "      <td>Graham, Miss. Margaret Edith</td>\n",
       "      <td>female</td>\n",
       "      <td>19.000000</td>\n",
       "      <td>0</td>\n",
       "      <td>0</td>\n",
       "      <td>112053</td>\n",
       "      <td>30.0000</td>\n",
       "      <td>B42</td>\n",
       "      <td>S</td>\n",
       "    </tr>\n",
       "    <tr>\n",
       "      <th>888</th>\n",
       "      <td>889</td>\n",
       "      <td>0</td>\n",
       "      <td>3</td>\n",
       "      <td>Johnston, Miss. Catherine Helen \"Carrie\"</td>\n",
       "      <td>female</td>\n",
       "      <td>29.699118</td>\n",
       "      <td>1</td>\n",
       "      <td>2</td>\n",
       "      <td>W./C. 6607</td>\n",
       "      <td>23.4500</td>\n",
       "      <td>NaN</td>\n",
       "      <td>S</td>\n",
       "    </tr>\n",
       "    <tr>\n",
       "      <th>889</th>\n",
       "      <td>890</td>\n",
       "      <td>1</td>\n",
       "      <td>1</td>\n",
       "      <td>Behr, Mr. Karl Howell</td>\n",
       "      <td>male</td>\n",
       "      <td>26.000000</td>\n",
       "      <td>0</td>\n",
       "      <td>0</td>\n",
       "      <td>111369</td>\n",
       "      <td>30.0000</td>\n",
       "      <td>C148</td>\n",
       "      <td>C</td>\n",
       "    </tr>\n",
       "    <tr>\n",
       "      <th>890</th>\n",
       "      <td>891</td>\n",
       "      <td>0</td>\n",
       "      <td>3</td>\n",
       "      <td>Dooley, Mr. Patrick</td>\n",
       "      <td>male</td>\n",
       "      <td>32.000000</td>\n",
       "      <td>0</td>\n",
       "      <td>0</td>\n",
       "      <td>370376</td>\n",
       "      <td>7.7500</td>\n",
       "      <td>NaN</td>\n",
       "      <td>Q</td>\n",
       "    </tr>\n",
       "  </tbody>\n",
       "</table>\n",
       "<p>891 rows × 12 columns</p>\n",
       "</div>"
      ],
      "text/plain": [
       "     PassengerId  Survived  Pclass  \\\n",
       "0              1         0       3   \n",
       "1              2         1       1   \n",
       "2              3         1       3   \n",
       "3              4         1       1   \n",
       "4              5         0       3   \n",
       "..           ...       ...     ...   \n",
       "886          887         0       2   \n",
       "887          888         1       1   \n",
       "888          889         0       3   \n",
       "889          890         1       1   \n",
       "890          891         0       3   \n",
       "\n",
       "                                                  Name     Sex        Age  \\\n",
       "0                              Braund, Mr. Owen Harris    male  22.000000   \n",
       "1    Cumings, Mrs. John Bradley (Florence Briggs Th...  female  38.000000   \n",
       "2                               Heikkinen, Miss. Laina  female  26.000000   \n",
       "3         Futrelle, Mrs. Jacques Heath (Lily May Peel)  female  35.000000   \n",
       "4                             Allen, Mr. William Henry    male  35.000000   \n",
       "..                                                 ...     ...        ...   \n",
       "886                              Montvila, Rev. Juozas    male  27.000000   \n",
       "887                       Graham, Miss. Margaret Edith  female  19.000000   \n",
       "888           Johnston, Miss. Catherine Helen \"Carrie\"  female  29.699118   \n",
       "889                              Behr, Mr. Karl Howell    male  26.000000   \n",
       "890                                Dooley, Mr. Patrick    male  32.000000   \n",
       "\n",
       "     SibSp  Parch            Ticket     Fare Cabin Embarked  \n",
       "0        1      0         A/5 21171   7.2500   NaN        S  \n",
       "1        1      0          PC 17599  71.2833   C85        C  \n",
       "2        0      0  STON/O2. 3101282   7.9250   NaN        S  \n",
       "3        1      0            113803  53.1000  C123        S  \n",
       "4        0      0            373450   8.0500   NaN        S  \n",
       "..     ...    ...               ...      ...   ...      ...  \n",
       "886      0      0            211536  13.0000   NaN        S  \n",
       "887      0      0            112053  30.0000   B42        S  \n",
       "888      1      2        W./C. 6607  23.4500   NaN        S  \n",
       "889      0      0            111369  30.0000  C148        C  \n",
       "890      0      0            370376   7.7500   NaN        Q  \n",
       "\n",
       "[891 rows x 12 columns]"
      ]
     },
     "execution_count": 2,
     "metadata": {},
     "output_type": "execute_result"
    }
   ],
   "source": [
    "import numpy as np\n",
    "import pandas as pd\n",
    "from sklearn.model_selection import train_test_split\n",
    "from sklearn.ensemble import RandomForestRegressor\n",
    "from sklearn.metrics import mean_squared_error\n",
    "df = pd.read_csv(r'E:\\titanic\\train.csv')\n",
    "\n",
    "df['Age'].fillna(df['Age'].mean(),inplace=True)\n",
    "x1=df[[\"PassengerId\",\"Pclass\",\"Age\",\"SibSp\",\"Fare\"]].values\n",
    "y1=df[[\"Survived\"]].values\n",
    "X_train, X_test, y_train, y_test = train_test_split(x1, y1, test_size=0.33, random_state=42)\n",
    "#print(X_train.shape,X_test.shape,y_train.shape,y_test.shape)\n",
    "base_pred = np.mean(y_test)\n",
    "\n",
    "base_pred = np.repeat(base_pred, len(y_test))\n",
    "#base_pred\n",
    "\n",
    "base_root_mean_square_error = np.sqrt(mean_squared_error(y_test, base_pred))\n",
    "#print(base_root_mean_square_error)\n",
    "\n",
    "rf = RandomForestRegressor()\n",
    "#flatten to convert 2d array to 1d array\n",
    "y_train=y_train.flatten()\n",
    "\n",
    "model_rf=rf.fit(X_train,y_train)\n",
    "\n",
    "prediction_values = rf.predict(X_test)\n",
    "\n",
    "rf_mse1=mean_squared_error(y_test,prediction_values)\n",
    "rf_rmse1=np.sqrt(rf_mse1)\n",
    "print(rf_rmse1)\n",
    "\n",
    "#r squared value\n",
    "r2_rf_test1=model_rf.score(X_test,y_test)\n",
    "r2_rf_train1=model_rf.score(X_train,y_train)\n",
    "print(r2_rf_test1,r2_rf_train1)\n",
    "\n",
    "prediction_values#.round().astype(int)\n",
    "\n",
    "df1 = pd.read_csv(r'E:\\titanic\\test.csv')\n",
    "df1.fillna(df.mean(),inplace=True)\n",
    "result_Set = df1[[\"PassengerId\",\"Pclass\",\"Age\",\"SibSp\",\"Fare\"]]\n",
    "result_Set = result_Set.values\n",
    "result = rf.predict(result_Set)\n",
    "#df1.isnull().sum()\n",
    "\n",
    "rf_mse1=mean_squared_error(y_test,prediction_values)\n",
    "rf_rmse1=np.sqrt(rf_mse1)\n",
    "print(rf_rmse1)\n",
    "\n",
    "#r squared value\n",
    "r2_rf_test1=model_rf.score(X_test,y_test)\n",
    "r2_rf_train1=model_rf.score(X_train,y_train)\n",
    "print(r2_rf_test1,r2_rf_train1)\n",
    "\n",
    "prediction_values#.round().astype(int)\n",
    "\n",
    "result.round().astype(int)\n",
    "dataset = pd.DataFrame({'Survived': result.round().astype(int)})\n",
    "\n",
    "dataset =  pd.merge(df1.iloc[:, :1], dataset,  left_index=True, right_index=True)\n",
    "\n",
    "dataset.to_csv(r'E:\\titanic\\submission.csv')"
   ]
  },
  {
   "cell_type": "code",
   "execution_count": 86,
   "metadata": {},
   "outputs": [
    {
     "data": {
      "application/vnd.plotly.v1+json": {
       "config": {
        "plotlyServerURL": "https://plot.ly"
       },
       "data": [
        {
         "hoverongaps": false,
         "type": "heatmap",
         "x": [
          "PassengerId",
          "Survived",
          "Pclass",
          "Sex",
          "Age",
          "SibSp",
          "Parch",
          "Fare",
          "Embarked"
         ],
         "y": [
          "PassengerId",
          "Survived",
          "Pclass",
          "Sex",
          "Age",
          "SibSp",
          "Parch",
          "Fare",
          "Embarked"
         ],
         "z": [
          [
           1,
           -0.005006660767066476,
           -0.03514399403037967,
           -0.04293888007878878,
           0.03421211199737653,
           -0.057526833784441705,
           -0.0016520124027188286,
           0.01265821928749123,
           -0.03046749789180693
          ],
          [
           -0.005006660767066476,
           1,
           -0.33848103596101586,
           0.5433513806577526,
           -0.06491041993052575,
           -0.03532249888573588,
           0.08162940708348222,
           0.2573065223849618,
           0.10681138570892197
          ],
          [
           -0.03514399403037967,
           -0.33848103596101586,
           1,
           -0.1319004906047387,
           -0.33989832839258516,
           0.0830813628456866,
           0.01844267131074835,
           -0.5494996199439061,
           0.045701846863136865
          ],
          [
           -0.04293888007878878,
           0.5433513806577526,
           -0.1319004906047387,
           1,
           -0.08116253523893888,
           0.1146308103894235,
           0.24548896009069662,
           0.18233283380287008,
           0.11656943282907067
          ],
          [
           0.03421211199737653,
           -0.06491041993052575,
           -0.33989832839258516,
           -0.08116253523893888,
           1,
           -0.23329633125248983,
           -0.1724819540369471,
           0.09668842218036496,
           -0.009165166063536628
          ],
          [
           -0.057526833784441705,
           -0.03532249888573588,
           0.0830813628456866,
           0.1146308103894235,
           -0.23329633125248983,
           1,
           0.41483769862015263,
           0.15965104324216103,
           -0.05996144194120016
          ],
          [
           -0.0016520124027188286,
           0.08162940708348222,
           0.01844267131074835,
           0.24548896009069662,
           -0.1724819540369471,
           0.41483769862015263,
           1,
           0.21622494477076254,
           -0.07866469555645689
          ],
          [
           0.01265821928749123,
           0.2573065223849618,
           -0.5494996199439061,
           0.18233283380287008,
           0.09668842218036496,
           0.15965104324216103,
           0.21622494477076254,
           1,
           0.06214157262848551
          ],
          [
           -0.03046749789180693,
           0.10681138570892197,
           0.045701846863136865,
           0.11656943282907067,
           -0.009165166063536628,
           -0.05996144194120016,
           -0.07866469555645689,
           0.06214157262848551,
           1
          ]
         ]
        }
       ],
       "layout": {
        "template": {
         "data": {
          "bar": [
           {
            "error_x": {
             "color": "#2a3f5f"
            },
            "error_y": {
             "color": "#2a3f5f"
            },
            "marker": {
             "line": {
              "color": "#E5ECF6",
              "width": 0.5
             }
            },
            "type": "bar"
           }
          ],
          "barpolar": [
           {
            "marker": {
             "line": {
              "color": "#E5ECF6",
              "width": 0.5
             }
            },
            "type": "barpolar"
           }
          ],
          "carpet": [
           {
            "aaxis": {
             "endlinecolor": "#2a3f5f",
             "gridcolor": "white",
             "linecolor": "white",
             "minorgridcolor": "white",
             "startlinecolor": "#2a3f5f"
            },
            "baxis": {
             "endlinecolor": "#2a3f5f",
             "gridcolor": "white",
             "linecolor": "white",
             "minorgridcolor": "white",
             "startlinecolor": "#2a3f5f"
            },
            "type": "carpet"
           }
          ],
          "choropleth": [
           {
            "colorbar": {
             "outlinewidth": 0,
             "ticks": ""
            },
            "type": "choropleth"
           }
          ],
          "contour": [
           {
            "colorbar": {
             "outlinewidth": 0,
             "ticks": ""
            },
            "colorscale": [
             [
              0,
              "#0d0887"
             ],
             [
              0.1111111111111111,
              "#46039f"
             ],
             [
              0.2222222222222222,
              "#7201a8"
             ],
             [
              0.3333333333333333,
              "#9c179e"
             ],
             [
              0.4444444444444444,
              "#bd3786"
             ],
             [
              0.5555555555555556,
              "#d8576b"
             ],
             [
              0.6666666666666666,
              "#ed7953"
             ],
             [
              0.7777777777777778,
              "#fb9f3a"
             ],
             [
              0.8888888888888888,
              "#fdca26"
             ],
             [
              1,
              "#f0f921"
             ]
            ],
            "type": "contour"
           }
          ],
          "contourcarpet": [
           {
            "colorbar": {
             "outlinewidth": 0,
             "ticks": ""
            },
            "type": "contourcarpet"
           }
          ],
          "heatmap": [
           {
            "colorbar": {
             "outlinewidth": 0,
             "ticks": ""
            },
            "colorscale": [
             [
              0,
              "#0d0887"
             ],
             [
              0.1111111111111111,
              "#46039f"
             ],
             [
              0.2222222222222222,
              "#7201a8"
             ],
             [
              0.3333333333333333,
              "#9c179e"
             ],
             [
              0.4444444444444444,
              "#bd3786"
             ],
             [
              0.5555555555555556,
              "#d8576b"
             ],
             [
              0.6666666666666666,
              "#ed7953"
             ],
             [
              0.7777777777777778,
              "#fb9f3a"
             ],
             [
              0.8888888888888888,
              "#fdca26"
             ],
             [
              1,
              "#f0f921"
             ]
            ],
            "type": "heatmap"
           }
          ],
          "heatmapgl": [
           {
            "colorbar": {
             "outlinewidth": 0,
             "ticks": ""
            },
            "colorscale": [
             [
              0,
              "#0d0887"
             ],
             [
              0.1111111111111111,
              "#46039f"
             ],
             [
              0.2222222222222222,
              "#7201a8"
             ],
             [
              0.3333333333333333,
              "#9c179e"
             ],
             [
              0.4444444444444444,
              "#bd3786"
             ],
             [
              0.5555555555555556,
              "#d8576b"
             ],
             [
              0.6666666666666666,
              "#ed7953"
             ],
             [
              0.7777777777777778,
              "#fb9f3a"
             ],
             [
              0.8888888888888888,
              "#fdca26"
             ],
             [
              1,
              "#f0f921"
             ]
            ],
            "type": "heatmapgl"
           }
          ],
          "histogram": [
           {
            "marker": {
             "colorbar": {
              "outlinewidth": 0,
              "ticks": ""
             }
            },
            "type": "histogram"
           }
          ],
          "histogram2d": [
           {
            "colorbar": {
             "outlinewidth": 0,
             "ticks": ""
            },
            "colorscale": [
             [
              0,
              "#0d0887"
             ],
             [
              0.1111111111111111,
              "#46039f"
             ],
             [
              0.2222222222222222,
              "#7201a8"
             ],
             [
              0.3333333333333333,
              "#9c179e"
             ],
             [
              0.4444444444444444,
              "#bd3786"
             ],
             [
              0.5555555555555556,
              "#d8576b"
             ],
             [
              0.6666666666666666,
              "#ed7953"
             ],
             [
              0.7777777777777778,
              "#fb9f3a"
             ],
             [
              0.8888888888888888,
              "#fdca26"
             ],
             [
              1,
              "#f0f921"
             ]
            ],
            "type": "histogram2d"
           }
          ],
          "histogram2dcontour": [
           {
            "colorbar": {
             "outlinewidth": 0,
             "ticks": ""
            },
            "colorscale": [
             [
              0,
              "#0d0887"
             ],
             [
              0.1111111111111111,
              "#46039f"
             ],
             [
              0.2222222222222222,
              "#7201a8"
             ],
             [
              0.3333333333333333,
              "#9c179e"
             ],
             [
              0.4444444444444444,
              "#bd3786"
             ],
             [
              0.5555555555555556,
              "#d8576b"
             ],
             [
              0.6666666666666666,
              "#ed7953"
             ],
             [
              0.7777777777777778,
              "#fb9f3a"
             ],
             [
              0.8888888888888888,
              "#fdca26"
             ],
             [
              1,
              "#f0f921"
             ]
            ],
            "type": "histogram2dcontour"
           }
          ],
          "mesh3d": [
           {
            "colorbar": {
             "outlinewidth": 0,
             "ticks": ""
            },
            "type": "mesh3d"
           }
          ],
          "parcoords": [
           {
            "line": {
             "colorbar": {
              "outlinewidth": 0,
              "ticks": ""
             }
            },
            "type": "parcoords"
           }
          ],
          "pie": [
           {
            "automargin": true,
            "type": "pie"
           }
          ],
          "scatter": [
           {
            "marker": {
             "colorbar": {
              "outlinewidth": 0,
              "ticks": ""
             }
            },
            "type": "scatter"
           }
          ],
          "scatter3d": [
           {
            "line": {
             "colorbar": {
              "outlinewidth": 0,
              "ticks": ""
             }
            },
            "marker": {
             "colorbar": {
              "outlinewidth": 0,
              "ticks": ""
             }
            },
            "type": "scatter3d"
           }
          ],
          "scattercarpet": [
           {
            "marker": {
             "colorbar": {
              "outlinewidth": 0,
              "ticks": ""
             }
            },
            "type": "scattercarpet"
           }
          ],
          "scattergeo": [
           {
            "marker": {
             "colorbar": {
              "outlinewidth": 0,
              "ticks": ""
             }
            },
            "type": "scattergeo"
           }
          ],
          "scattergl": [
           {
            "marker": {
             "colorbar": {
              "outlinewidth": 0,
              "ticks": ""
             }
            },
            "type": "scattergl"
           }
          ],
          "scattermapbox": [
           {
            "marker": {
             "colorbar": {
              "outlinewidth": 0,
              "ticks": ""
             }
            },
            "type": "scattermapbox"
           }
          ],
          "scatterpolar": [
           {
            "marker": {
             "colorbar": {
              "outlinewidth": 0,
              "ticks": ""
             }
            },
            "type": "scatterpolar"
           }
          ],
          "scatterpolargl": [
           {
            "marker": {
             "colorbar": {
              "outlinewidth": 0,
              "ticks": ""
             }
            },
            "type": "scatterpolargl"
           }
          ],
          "scatterternary": [
           {
            "marker": {
             "colorbar": {
              "outlinewidth": 0,
              "ticks": ""
             }
            },
            "type": "scatterternary"
           }
          ],
          "surface": [
           {
            "colorbar": {
             "outlinewidth": 0,
             "ticks": ""
            },
            "colorscale": [
             [
              0,
              "#0d0887"
             ],
             [
              0.1111111111111111,
              "#46039f"
             ],
             [
              0.2222222222222222,
              "#7201a8"
             ],
             [
              0.3333333333333333,
              "#9c179e"
             ],
             [
              0.4444444444444444,
              "#bd3786"
             ],
             [
              0.5555555555555556,
              "#d8576b"
             ],
             [
              0.6666666666666666,
              "#ed7953"
             ],
             [
              0.7777777777777778,
              "#fb9f3a"
             ],
             [
              0.8888888888888888,
              "#fdca26"
             ],
             [
              1,
              "#f0f921"
             ]
            ],
            "type": "surface"
           }
          ],
          "table": [
           {
            "cells": {
             "fill": {
              "color": "#EBF0F8"
             },
             "line": {
              "color": "white"
             }
            },
            "header": {
             "fill": {
              "color": "#C8D4E3"
             },
             "line": {
              "color": "white"
             }
            },
            "type": "table"
           }
          ]
         },
         "layout": {
          "annotationdefaults": {
           "arrowcolor": "#2a3f5f",
           "arrowhead": 0,
           "arrowwidth": 1
          },
          "coloraxis": {
           "colorbar": {
            "outlinewidth": 0,
            "ticks": ""
           }
          },
          "colorscale": {
           "diverging": [
            [
             0,
             "#8e0152"
            ],
            [
             0.1,
             "#c51b7d"
            ],
            [
             0.2,
             "#de77ae"
            ],
            [
             0.3,
             "#f1b6da"
            ],
            [
             0.4,
             "#fde0ef"
            ],
            [
             0.5,
             "#f7f7f7"
            ],
            [
             0.6,
             "#e6f5d0"
            ],
            [
             0.7,
             "#b8e186"
            ],
            [
             0.8,
             "#7fbc41"
            ],
            [
             0.9,
             "#4d9221"
            ],
            [
             1,
             "#276419"
            ]
           ],
           "sequential": [
            [
             0,
             "#0d0887"
            ],
            [
             0.1111111111111111,
             "#46039f"
            ],
            [
             0.2222222222222222,
             "#7201a8"
            ],
            [
             0.3333333333333333,
             "#9c179e"
            ],
            [
             0.4444444444444444,
             "#bd3786"
            ],
            [
             0.5555555555555556,
             "#d8576b"
            ],
            [
             0.6666666666666666,
             "#ed7953"
            ],
            [
             0.7777777777777778,
             "#fb9f3a"
            ],
            [
             0.8888888888888888,
             "#fdca26"
            ],
            [
             1,
             "#f0f921"
            ]
           ],
           "sequentialminus": [
            [
             0,
             "#0d0887"
            ],
            [
             0.1111111111111111,
             "#46039f"
            ],
            [
             0.2222222222222222,
             "#7201a8"
            ],
            [
             0.3333333333333333,
             "#9c179e"
            ],
            [
             0.4444444444444444,
             "#bd3786"
            ],
            [
             0.5555555555555556,
             "#d8576b"
            ],
            [
             0.6666666666666666,
             "#ed7953"
            ],
            [
             0.7777777777777778,
             "#fb9f3a"
            ],
            [
             0.8888888888888888,
             "#fdca26"
            ],
            [
             1,
             "#f0f921"
            ]
           ]
          },
          "colorway": [
           "#636efa",
           "#EF553B",
           "#00cc96",
           "#ab63fa",
           "#FFA15A",
           "#19d3f3",
           "#FF6692",
           "#B6E880",
           "#FF97FF",
           "#FECB52"
          ],
          "font": {
           "color": "#2a3f5f"
          },
          "geo": {
           "bgcolor": "white",
           "lakecolor": "white",
           "landcolor": "#E5ECF6",
           "showlakes": true,
           "showland": true,
           "subunitcolor": "white"
          },
          "hoverlabel": {
           "align": "left"
          },
          "hovermode": "closest",
          "mapbox": {
           "style": "light"
          },
          "paper_bgcolor": "white",
          "plot_bgcolor": "#E5ECF6",
          "polar": {
           "angularaxis": {
            "gridcolor": "white",
            "linecolor": "white",
            "ticks": ""
           },
           "bgcolor": "#E5ECF6",
           "radialaxis": {
            "gridcolor": "white",
            "linecolor": "white",
            "ticks": ""
           }
          },
          "scene": {
           "xaxis": {
            "backgroundcolor": "#E5ECF6",
            "gridcolor": "white",
            "gridwidth": 2,
            "linecolor": "white",
            "showbackground": true,
            "ticks": "",
            "zerolinecolor": "white"
           },
           "yaxis": {
            "backgroundcolor": "#E5ECF6",
            "gridcolor": "white",
            "gridwidth": 2,
            "linecolor": "white",
            "showbackground": true,
            "ticks": "",
            "zerolinecolor": "white"
           },
           "zaxis": {
            "backgroundcolor": "#E5ECF6",
            "gridcolor": "white",
            "gridwidth": 2,
            "linecolor": "white",
            "showbackground": true,
            "ticks": "",
            "zerolinecolor": "white"
           }
          },
          "shapedefaults": {
           "line": {
            "color": "#2a3f5f"
           }
          },
          "ternary": {
           "aaxis": {
            "gridcolor": "white",
            "linecolor": "white",
            "ticks": ""
           },
           "baxis": {
            "gridcolor": "white",
            "linecolor": "white",
            "ticks": ""
           },
           "bgcolor": "#E5ECF6",
           "caxis": {
            "gridcolor": "white",
            "linecolor": "white",
            "ticks": ""
           }
          },
          "title": {
           "x": 0.05
          },
          "xaxis": {
           "automargin": true,
           "gridcolor": "white",
           "linecolor": "white",
           "ticks": "",
           "title": {
            "standoff": 15
           },
           "zerolinecolor": "white",
           "zerolinewidth": 2
          },
          "yaxis": {
           "automargin": true,
           "gridcolor": "white",
           "linecolor": "white",
           "ticks": "",
           "title": {
            "standoff": 15
           },
           "zerolinecolor": "white",
           "zerolinewidth": 2
          }
         }
        }
       }
      },
      "text/html": [
       "<div>\n",
       "        \n",
       "        \n",
       "            <div id=\"1bfab849-9b4b-41d0-8f77-cd2b1f817021\" class=\"plotly-graph-div\" style=\"height:525px; width:100%;\"></div>\n",
       "            <script type=\"text/javascript\">\n",
       "                require([\"plotly\"], function(Plotly) {\n",
       "                    window.PLOTLYENV=window.PLOTLYENV || {};\n",
       "                    \n",
       "                if (document.getElementById(\"1bfab849-9b4b-41d0-8f77-cd2b1f817021\")) {\n",
       "                    Plotly.newPlot(\n",
       "                        '1bfab849-9b4b-41d0-8f77-cd2b1f817021',\n",
       "                        [{\"hoverongaps\": false, \"type\": \"heatmap\", \"x\": [\"PassengerId\", \"Survived\", \"Pclass\", \"Sex\", \"Age\", \"SibSp\", \"Parch\", \"Fare\", \"Embarked\"], \"y\": [\"PassengerId\", \"Survived\", \"Pclass\", \"Sex\", \"Age\", \"SibSp\", \"Parch\", \"Fare\", \"Embarked\"], \"z\": [[1.0, -0.005006660767066476, -0.03514399403037967, -0.04293888007878878, 0.03421211199737653, -0.057526833784441705, -0.0016520124027188286, 0.01265821928749123, -0.03046749789180693], [-0.005006660767066476, 1.0, -0.33848103596101586, 0.5433513806577526, -0.06491041993052575, -0.03532249888573588, 0.08162940708348222, 0.2573065223849618, 0.10681138570892197], [-0.03514399403037967, -0.33848103596101586, 1.0, -0.1319004906047387, -0.33989832839258516, 0.0830813628456866, 0.01844267131074835, -0.5494996199439061, 0.045701846863136865], [-0.04293888007878878, 0.5433513806577526, -0.1319004906047387, 1.0, -0.08116253523893888, 0.1146308103894235, 0.24548896009069662, 0.18233283380287008, 0.11656943282907067], [0.03421211199737653, -0.06491041993052575, -0.33989832839258516, -0.08116253523893888, 1.0, -0.23329633125248983, -0.1724819540369471, 0.09668842218036496, -0.009165166063536628], [-0.057526833784441705, -0.03532249888573588, 0.0830813628456866, 0.1146308103894235, -0.23329633125248983, 1.0, 0.41483769862015263, 0.15965104324216103, -0.05996144194120016], [-0.0016520124027188286, 0.08162940708348222, 0.01844267131074835, 0.24548896009069662, -0.1724819540369471, 0.41483769862015263, 1.0, 0.21622494477076254, -0.07866469555645689], [0.01265821928749123, 0.2573065223849618, -0.5494996199439061, 0.18233283380287008, 0.09668842218036496, 0.15965104324216103, 0.21622494477076254, 1.0, 0.06214157262848551], [-0.03046749789180693, 0.10681138570892197, 0.045701846863136865, 0.11656943282907067, -0.009165166063536628, -0.05996144194120016, -0.07866469555645689, 0.06214157262848551, 1.0]]}],\n",
